NODES: 2708
MIN_DEGREE: 0
MULTI-LABEL: False
EDGES: 5278
SINGLETON: 1143
LABELS_DIST: 
[[ 0.12961595  0.08013294  0.15435746  0.30206795  0.15731167  0.11004431
   0.06646972]]
DEGREES: 5429
MEAN_DEGREE: 2.00480059084
SYMMETRIC: False
MAX_DEGREE: 166
DENSITY: 0.0014399999126942077
