LABELS_DIST: 
[[ 0.07518116  0.1781401   0.20169082  0.21165459  0.17995169  0.15338164]]
SYMMETRIC: False
SINGLETON: 1361
MAX_DEGREE: 99
DEGREES: 4715
MIN_DEGREE: 0
MULTI-LABEL: False
NODES: 3312
EDGES: 4660
MEAN_DEGREE: 1.42361111111
DENSITY: 0.000849897209856765
